2 5 6 13
14 17 34 41
26 29 62 69
38 41 90 97
50 53 118 125
62 65 146 153
74 77 174 181
86 89 202 209
98 101 230 237
110 113 258 265
122 125 286 293
134 137 314 321
146 149 342 349
158 161 370 377
170 173 398 405
182 185 426 433
194 197 454 461
206 209 482 489
218 221 510 517
230 233 538 545
242 245 566 573
254 257 594 601
266 269 622 629
278 281 650 657
302 293 702 685
302 305 706 713
314 317 734 741
233 293 483 661
260 166 630 388
286 268 638 646
231 188 537 454
125 286 265 640
198 268 462 584
232 204 574 462
189 286 457 638
161 281 387 623
182 230 412 570